231 41 181 175
227 44 179 173
230 45 176 185
230 54 183 189
253 73 166 170
251 81 174 173
250 87 184 180
267 88 178 185
272 95 172 186
284 101 179 183
279 101 179 185
289 107 179 176
293 110 178 167
296 113 173 182
294 115 172 181
301 118 178 179
302 120 180 182
304 118 185 183
302 111 182 186
300 111 170 183
300 109 179 189
302 113 183 185
305 118 182 184
307 121 181 184
303 139 184 166
305 131 181 179
298 140 182 170
298 125 173 189
297 141 181 171
296 141 176 184
259 182 189 188
211 367 189 212
